consensus share 0.920 · effective error sources 2.89 · total information 1357.48 · n = 8
judge                             load  weight       dI   cost $       dI/$
deepseek-v4-flash                0.965  -0.110  477.486   0.0160    29837.5
gemini-2.5-flash                 0.979   0.087  422.385   0.0257    16447.6
claude-haiku-4.5                 0.999   0.758 1161.996   0.1979     5870.3
claude-sonnet-4.6                0.979   0.255  739.851   0.2579     2869.2
gpt-5.4-mini                     0.916   0.022   84.953   0.0540     1572.3
gpt-5.4-nano                     0.879  -0.012   11.882   0.0145      818.7

correlation:
  +1.00 +0.92 +0.88 +0.87 +0.92 +0.86
  +0.92 +1.00 +0.83 +0.80 +0.90 +0.78
  +0.88 +0.83 +1.00 +0.94 +0.97 +0.96
  +0.87 +0.80 +0.94 +1.00 +0.96 +0.98
  +0.92 +0.90 +0.97 +0.96 +1.00 +0.97
  +0.86 +0.78 +0.96 +0.98 +0.97 +1.00
